22
Escherichia_coli_6U5Z_A           0.0000000 0.0873734 0.0894987 0.0000010 0.6097480 0.7765125 2.1615663 0.0000010 0.0000010 0.7628388 0.9397059 0.9324195 1.9013098 0.0000010 0.8809753 1.1653452 3.4677673 1.4908623 1.4908623 1.5871176 2.3422308 2.3422308 
Yersinia_pestis_6V11_A            0.0873734 0.0000000 0.0019263 0.0903372 0.6337068 0.8059835 2.2048486 0.0820087 0.0842830 0.7965808 0.9581402 0.9506936 1.9014109 0.1858061 0.8712849 1.1696779 3.3467024 1.4461503 1.4461503 1.5280946 2.2500373 2.2500373 
Yersinia_pestis_6ON2_A            0.0894987 0.0019263 0.0000000 0.0936400 0.6376433 0.8011204 2.2048486 0.0820087 0.0842830 0.8067059 0.9581402 0.9506936 1.9014109 0.1858061 0.8712849 1.1696779 3.3467024 1.4461503 1.4461503 1.5280946 2.2500373 2.2500373 
Escherichia_coli_6N2I_A           0.0000010 0.0903372 0.0936400 0.0000000 0.5621346 0.7418949 1.4584162 9.0000000 9.0000000 0.5311905 1.1840233 1.1630840 1.4129323 0.0000010 0.9179263 1.3010752 3.6802290 1.4908623 1.4908623 1.5871176 2.4520339 2.4520339 
Bacillus_subtilis_3M6A_A          0.6097480 0.6337068 0.6376433 0.5621346 0.0000000 0.6809791 2.7507292 0.6801067 0.7058545 0.6108754 0.9468213 0.9380122 2.4963183 0.9115082 0.0085634 0.6587452 2.9753048 1.8471899 1.8471899 1.7629063 2.2890356 2.2890356 
Meiothermus_taiwanensis_4YPL_A    0.7765125 0.8059835 0.8011204 0.7418949 0.6809791 0.0000000 3.0822738 0.8369566 0.8529493 0.1382851 0.0036001 0.0000010 2.8960574 1.1803110 1.2742075 1.2473697 3.2879058 1.6757192 1.6757192 1.8988083 2.5565127 2.5565127 
Escherichia_coli_K-123LJC_A       2.1615663 2.2048486 2.2048486 1.4584162 2.7507292 3.0822738 0.0000000 2.4253273 2.4215292 3.4419969 3.3059608 3.3059608 0.0000010 1.1394950 1.7877466 2.1062575 3.3008120 2.8061408 2.8061408 1.9256922 3.3345467 3.3345467 
Escherichia_coli_1RR9_A           0.0000010 0.0820087 0.0820087 9.0000000 0.6801067 0.8369566 2.4253273 0.0000000 0.0000010 3.2909416 0.8369566 0.8369566 2.3242900 9.0000000 0.7361728 0.6736891 3.2315113 9.0000000 9.0000000 9.0000000 1.8942094 1.8942094 
Escherichia_coli_1RRE_A           0.0000010 0.0842830 0.0842830 9.0000000 0.7058545 0.8529493 2.4215292 0.0000010 0.0000000 3.2547587 0.8529493 0.8529493 2.3426593 9.0000000 0.7361728 0.6736891 3.1481976 9.0000000 9.0000000 9.0000000 1.8942094 1.8942094 
Meiothermus_taiwanensis_4YPN_A    0.7628388 0.7965808 0.8067059 0.5311905 0.6108754 0.1382851 3.4419969 3.2909416 3.2547587 0.0000000 1.4062833 1.4062833 2.7836248 0.8784328 5.8462567 2.8999785 2.0108195 1.5170894 1.5170894 1.8894936 1.7525374 1.7525374 
Meiothermus_taiwanensis_5E7S_A    0.9397059 0.9581402 0.9581402 1.1840233 0.9468213 0.0036001 3.3059608 0.8369566 0.8529493 1.4062833 0.0000000 0.0000010 3.4007728 1.1803110 1.2372251 1.2114171 3.8480180 2.9683163 2.9683163 2.6914767 3.7245253 3.7245253 
Meiothermus_taiwanensis_4YPM_A    0.9324195 0.9506936 0.9506936 1.1630840 0.9380122 0.0000010 3.3059608 0.8369566 0.8529493 1.4062833 0.0000010 0.0000000 3.4007728 1.1630840 1.2527082 1.2259529 3.8109247 2.6089794 2.6089794 2.6089794 3.6136147 3.6136147 
Escherichia_coli_2ANE_A           1.9013098 1.9014109 1.9014109 1.4129323 2.4963183 2.8960574 0.0000010 2.3242900 2.3426593 2.7836248 3.4007728 3.4007728 0.0000000 1.1394950 2.0760703 2.4448213 2.8189939 2.8061408 2.8061408 1.9256922 3.3654074 3.3654074 
Escherichia_coli_1QZM_A           0.0000010 0.1858061 0.1858061 0.0000010 0.9115082 1.1803110 1.1394950 9.0000000 9.0000000 0.8784328 1.1803110 1.1630840 1.1394950 0.0000000 0.9115082 1.2987279 5.1721162 2.0405107 2.0405107 2.0405107 3.1443956 3.1443956 
Bacillus_subtilis_1X37_A          0.8809753 0.8712849 0.8712849 0.9179263 0.0085634 1.2742075 1.7877466 0.7361728 0.7361728 5.8462567 1.2372251 1.2527082 2.0760703 0.9115082 0.0000000 0.6378498 3.2598672 2.6469972 2.6469972 2.4252714 3.2487264 3.2487264 
Brevibacillus_thermoruber_4GIT_A  1.1653452 1.1696779 1.1696779 1.3010752 0.6587452 1.2473697 2.1062575 0.6736891 0.6736891 2.8999785 1.2114171 1.2259529 2.4448213 1.2987279 0.6378498 0.0000000 3.5185740 2.0428383 2.0428383 1.8806708 3.2955779 3.2955779 
Mycobacterium_tuberculosis_6IHG_A 3.4677673 3.3467024 3.3467024 3.6802290 2.9753048 3.2879058 3.3008120 3.2315113 3.1481976 2.0108195 3.8480180 3.8109247 2.8189939 5.1721162 3.2598672 3.5185740 0.0000000 4.9983615 4.9983615 6.2045404 2.7523422 2.7523422 
Thermus_thermophilus_2DHR_A       1.4908623 1.4461503 1.4461503 1.4908623 1.8471899 1.6757192 2.8061408 9.0000000 9.0000000 1.5170894 2.9683163 2.6089794 2.8061408 2.0405107 2.6469972 2.0428383 4.9983615 0.0000000 0.0000010 0.3840483 1.8546110 1.8546110 
Thermus_thermophilus_4EIW_A       1.4908623 1.4461503 1.4461503 1.4908623 1.8471899 1.6757192 2.8061408 9.0000000 9.0000000 1.5170894 2.9683163 2.6089794 2.8061408 2.0405107 2.6469972 2.0428383 4.9983615 0.0000010 0.0000000 0.3840483 1.8546110 1.8546110 
Escherichia_coli_1LV7_A           1.5871176 1.5280946 1.5280946 1.5871176 1.7629063 1.8988083 1.9256922 9.0000000 9.0000000 1.8894936 2.6914767 2.6089794 1.9256922 2.0405107 2.4252714 1.8806708 6.2045404 0.3840483 0.3840483 0.0000000 2.2677074 2.2677074 
Thermus_thermophilus_1IXS_B       2.3422308 2.2500373 2.2500373 2.4520339 2.2890356 2.5565127 3.3345467 1.8942094 1.8942094 1.7525374 3.7245253 3.6136147 3.3654074 3.1443956 3.2487264 3.2955779 2.7523422 1.8546110 1.8546110 2.2677074 0.0000000 0.0000010 
Thermus_thermophilus_1IXR_C       2.3422308 2.2500373 2.2500373 2.4520339 2.2890356 2.5565127 3.3345467 1.8942094 1.8942094 1.7525374 3.7245253 3.6136147 3.3654074 3.1443956 3.2487264 3.2955779 2.7523422 1.8546110 1.8546110 2.2677074 0.0000010 0.0000000 
