6
Escherichia_coli_4PKN_A           0.0000000 0.0018029 0.7359164 0.7361704 0.6364992 0.4650618 
Escherichia_Coli_K-12_5OPX_A      0.0018029 0.0000000 0.7405984 0.7412354 0.6407759 0.4650618 
Mycobacterium_tuberculosis_3RTK_A 0.7359164 0.7405984 0.0000000 0.0000010 0.5697993 0.4714146 
Mycobacterium_tuberculosis_1SJP_A 0.7361704 0.7412354 0.0000010 0.0000000 0.5926791 0.4714146 
Thermus_thermophilus_1WE3_A       0.6364992 0.6407759 0.5697993 0.5926791 0.0000000 0.0000010 
Thermus_thermophilus_1SRV_A       0.4650618 0.4650618 0.4714146 0.4714146 0.0000010 0.0000000 
